 F
       35275       75560           3        2048
   -0.155636844970375080E+03   -0.144393209487495938E+03
 T
   2
    0.200000000000000000E+01    0.300000000000000000E+01    0.249023437500000000E-01    0.975097656250000000E+00
   0
   0
 T T     0           0
    0.000000000000000000E+00   -0.100000000000000002+101    0.000000000000000000E+00
 T F     1          51
    0.879434968509962621E-07   -0.160572852883636443E+03   -0.146907315872419645E+03
 T F     1        1997
    0.799334362279343147E-07   -0.155644054111132618E+03   -0.144375019452069154E+03
