 F
       36633       89554           3        2048
   -0.155970355151881165E+03   -0.143916483020206755E+03
 T
   2
    0.200000000000000000E+01    0.300000000000000000E+01    0.977050781250000000E+00    0.229492187500000000E-01
   0
   0
 T T     0           0
    0.000000000000000000E+00   -0.100000000000000002+101    0.000000000000000000E+00
 T F     1        2001
    0.420107283614900880E-07   -0.155977605748312271E+03   -0.143898999528052229E+03
 T F     1          47
    0.269423022933241655E-07   -0.160900649806777636E+03   -0.146319069627649924E+03
