 F
       33382       72765           3        2048
   -0.153829133688049552E+03   -0.142842595069868821E+03
 T
   2
    0.200000000000000000E+01    0.300000000000000000E+01    0.952148437500000000E+00    0.478515625000000000E-01
   0
   0
 T T     0           0
    0.000000000000000000E+00   -0.100000000000000002+101    0.000000000000000000E+00
 T F     1        1950
    0.214332120041104631E-06   -0.153895023919568843E+03   -0.142870042039992114E+03
 T F     1          98
    0.126988891455545779E-07   -0.156581662993908708E+03   -0.142439611875010371E+03
