 F
       34666       73056           3        2048
   -0.155049270409544960E+03   -0.143617780770170413E+03
 T
   2
    0.200000000000000000E+01    0.300000000000000000E+01    0.962402343750000000E+00    0.375976562500000000E-01
   0
   0
 T T     0           0
    0.000000000000000000E+00   -0.100000000000000002+101    0.000000000000000000E+00
 T F     1        1971
    0.110807149868363677E-06   -0.155050840883995733E+03   -0.143611181185782442E+03
 T F     1          77
    0.169730214766606997E-07   -0.161506433051528973E+03   -0.147816768882728269E+03
